AKEBONO (EXOS-D)        
1 19822U 89016A   19342.81751035  .00012797  88173-6  22627-3 0  9996
2 19822  75.0276 301.8986 1763212 243.0715  97.9743 12.01568886 16517
HST                     
1 20580U 90037B   19342.88042116  .00000361  00000-0  11007-4 0  9996
2 20580  28.4682 146.6676 0002639 185.9222 322.7238 15.09309432427086
POLAR                   
1 23802U 96013A   19342.15680165  .00000072  00000-0  00000+0 0  9993
2 23802  78.7070 252.5070 6517650 289.6581  14.0318  1.29845520113891
SWAS                    
1 25560U 98071A   19342.88247615  .00000058  00000-0  14073-4 0  9995
2 25560  69.8974 145.6214 0011257 268.8197  91.1669 14.93805364140418
ORSTED                  
1 25635U 99008B   19343.17864723  .00000032  00000-0  15510-4 0  9996
2 25635  96.4749  47.2822 0137316 240.5671 118.1766 14.48179015 97201
CXO                     
1 25867U 99040B   19346.40060188  .00000764  00000-0  00000+0 0  9996
2 25867  65.4267 271.7571 7450095 230.6865   0.0038  0.37800993 19482
XMM-NEWTON              
1 25989U 99066A   19343.08983738 -.00000393  00000-0  00000+0 0  9994
2 25989  71.1066 326.6185 7391954  94.2162 359.9408  0.50139181 25428
TERRA                   
1 25994U 99068A   19343.40629000  .00000005  00000-0  11208-4 0  9993
2 25994  98.2125  55.3541 0000931  95.1071 265.0236 14.57113283 62497
CLUSTER II-FM7 (SAMBA)  
1 26410U 00041A   19344.39399667  .00000643  00000-0  00000+0 0  9993
2 26410 131.5084 340.2210 4224694 177.9788   0.1507  0.44213080 21500
CLUSTER II-FM6 (SALSA)  
1 26411U 00041B   19344.30092815  .00000000  00000-0  00000-0 0  9998
2 26411 131.1665 341.3847 5383383 184.6879   0.1212  0.44223957  9781
CLUSTER II-FM5 (RUMBA)  
1 26463U 00045A   19344.46749623  .00000688  00000-0  00000+0 0  9993
2 26463 134.7960 340.7911 5013450 184.0554   0.1051  0.44307427 22083
CLUSTER II-FM8 (TANGO)  
1 26464U 00045B   19340.98864495  .00000646  00000-0  00000+0 0  9996
2 26464 131.5070 340.1872 4221901 177.8837 184.7265  0.44220915 57402
ODIN                    
1 26702U 01007A   19343.15332189  .00000207  00000-0  17538-4 0  9994
2 26702  97.5651 358.2509 0010375 195.6035 164.4875 15.07902189 27993
TIMED                   
1 26998U 01055B   19342.67231652  .00000069  00000-0  11522-4 0  9996
2 26998  74.0720 314.9651 0000670 268.5900  91.5204 14.88152582975969
RHESSI                  
1 27370U 02004A   19343.49711095  .00001325  00000-0  46231-4 0  9992
2 27370  38.0328 273.5822 0013060 218.9873 140.9957 15.32119263985035
INTEGRAL                
1 27540U 02048A   19340.33815341  .00000591  00000-0  00000+0 0  9991
2 27540  51.4580 130.1762 8883052 284.7194   2.9330  0.37582570 17666
CORIOLIS                
1 27640U 03001A   19342.90912303  .00000007  00000-0  24389-4 0  9996
2 27640  98.7301 350.2470 0013410 224.7983 196.0989 14.19024527876259
SORCE                   
1 27651U 03004A   19342.62889772  .00000009  00000-0  15141-4 0  9991
2 27651  39.9965 319.7281 0022450 113.3382 246.9772 14.89060371915594
MOST                    
1 27843U 03031D   19343.11867436  .00000003  00000-0  21644-4 0  9991
2 27843  98.7110 348.2133 0008980 287.4521  72.5673 14.20601116852434
SCISAT 1                
1 27858U 03036A   19343.36000988  .00000015  00000-0  71180-5 0  9994
2 27858  73.9322 202.0889 0006615  94.9019 265.2911 14.77268468879437
SWIFT                   
1 28485U 04047A   19343.20477630  .00000740  00000-0  20080-4 0  9996
2 28485  20.5570 283.5976 0011356 157.2934 202.8003 15.04498726824651
FORMOSAT-3 FM6          
1 29047U 06011A   19342.84215259  .00000017  00000-0  23031-4 0  9996
2 29047  71.9769 141.0680 0049559  30.2916 330.1068 14.28709975713976
FORMOSAT-3 FM1          
1 29048U 06011B   19343.48649080  .00000027  00000-0  26948-4 0  9992
2 29048  71.9679  50.8913 0044459 345.8687  14.1201 14.28668026716531
FORMOSAT-3 FM5          
1 29049U 06011C   19342.86809997  .00000075  00000-0  45903-4 0  9994
2 29049  72.0201 222.7088 0034459  15.3490 344.8683 14.28751726712238
FORMOSAT-3 FM3          
1 29050U 06011D   19342.62827468  .00000075  00000-0  26223-4 0  9997
2 29050  72.0166  28.8922 0051773 311.6934  47.9793 14.58861010728450
FORMOSAT-3 FM4          
1 29051U 06011E   19343.15201375  .00000051  00000-0  35998-4 0  9993
2 29051  72.0045 124.5506 0070120 256.1436 103.1893 14.28779762714861
FORMOSAT-3 FM2          
1 29052U 06011F   19342.88545636  .00000110  00000-0  59484-4 0  9996
2 29052  72.0334 198.7291 0040914 335.8391  24.0825 14.28882304713154
CLOUDSAT                
1 29107U 06016A   19342.85676090  .00000038  00000-0  16888-4 0  9998
2 29107  98.2083 286.0144 0000271 263.3976  96.7194 14.62364044724487
CALIPSO                 
1 29108U 06016B   19342.78786745  .00000070  00000-0  23257-4 0  9994
2 29108  98.2073 285.7558 0001355  78.0635 282.0718 14.62361484724329
HINODE (SOLAR-B)        
1 29479U 06041A   19343.46263580  .00000081  00000-0  24274-4 0  9998
2 29479  98.1647 351.6630 0015907 248.3492 111.6017 14.65031202705931
SJ-6C                   
1 29505U 06046A   19343.34630346  .00000354  00000-0  37944-4 0  9999
2 29505  97.8241 352.6862 0003789 329.4018  30.6968 14.94764130715060
SJ-6D                   
1 29506U 06046B   19343.39252928  .00000631  00000-0  65472-4 0  9996
2 29506  97.8439 352.7455 0003187  62.5606 297.5945 14.93482984714655
AGILE                   
1 31135U 07013A   19341.99558896  .00002059  00000-0  28821-4 0  9992
2 31135   2.4677 258.0510 0011738  49.9628 310.1456 15.31947313335086
AIM                     
1 31304U 07015A   19343.16780677  .00000607  00000-0  38047-4 0  9995
2 31304  97.9309 213.4964 0003951 301.9089  58.1756 15.13334065691758
FGRST (GLAST)           
1 33053U 08029A   19342.63297200  .00000449  00000-0  88817-5 0  9995
2 33053  25.5838 326.6092 0012058 308.4286  51.5166 15.11281478634265
WISE                    
1 36119U 09071A   19343.36484761  .00000596  00000-0  23197-4 0  9992
2 36119  97.3530  16.9257 0002669  23.0201 337.1159 15.29845586554602
SDO                     
1 36395U 10005A   19342.44937590 -.00000027  00000-0  00000+0 0  9991
2 36395  30.0049 124.5741 0000869  67.7014 304.7235  1.00272216 36145
CRYOSAT 2               
1 36508U 10013A   19342.83769710  .00000074  00000-0  17443-4 0  9991
2 36508  92.0341  61.2860 0008839 131.3561 228.8408 14.52173005512440
X-SAT                   
1 37389U 11015C   19343.44816617 -.00000046  00000-0 -18712-5 0  9991
2 37389  98.4644  41.0561 0015054 126.1148 234.1429 14.24379486449091
GCOM-W1 (SHIZUKU)       
1 38337U 12025A   19342.88379069  .00000021  00000-0  14689-4 0  9998
2 38337  98.2131 280.5644 0001461 132.2949 272.8591 14.57102410402107
NUSTAR                  
1 38358U 12031A   19343.00193080  .00000963  00000-0  26951-4 0  9990
2 38358   6.0211 219.7068 0012142   7.3703 352.6301 14.88228419407448
NEOSSAT                 
1 39089U 13009D   19342.80758141  .00000039  00000-0  28944-4 0  9998
2 39089  98.4786 183.3407 0012063 133.3270 226.8923 14.34486490355086
IRIS                    
1 39197U 13033A   19343.51445829  .00000106  00000-0  21511-4 0  9998
2 39197  97.9507 162.7867 0028772 125.8267 234.5623 14.78680482347885
HISAKI (SPRINT-A)       
1 39253U 13049A   19343.49113306  .00000027  00000-0 -51121-4 0  9990
2 39253  29.7195  84.5783 0136815 154.4350 206.3062 13.55213621309121
CASSIOPE                
1 39265U 13055A   19343.16079622  .00003317  00000-0  92679-4 0  9993
2 39265  80.9654 154.2400 0664827 141.6020 223.4484 14.28544825320478
STSAT-3                 
1 39422U 13066G   19343.42743723  .00000344  00000-0  41123-4 0  9994
2 39422  97.5364  20.3742 0024505 107.8276 252.5608 14.89783626328691
SWARM B                 
1 39451U 13067A   19343.16350519  .00000293  00000-0  11367-4 0  9995
2 39451  87.7494 337.1696 0002171 117.3604 242.7863 15.21647174335440
SWARM A                 
1 39452U 13067B   19343.49949945  .00000877  00000-0  18096-4 0  9993
2 39452  87.3652 200.0881 0003336  81.6277 278.5358 15.44204667339755
SWARM C                 
1 39453U 13067C   19343.49940965  .00000855  00000-0  17609-4 0  9992
2 39453  87.3505 201.4320 0003327  81.7057 278.4577 15.44205283339716
BRITE-CA1 (TORONTO)     
1 40020U 14033L   19343.51926517  .00000104  00000-0  26257-4 0  9994
2 40020  97.7326 177.6149 0086596 322.7742  36.7479 14.66607724292774
OCO 2                   
1 40059U 14035A   19342.87151675  .00000015  00000-0  13286-4 0  9990
2 40059  98.2135 281.2763 0001224  89.3007 270.8332 14.57121583289127
BRITE-PL2 (HEWELIUSZ)   
1 40119U 14049B   19342.82255024  .00000093  00000-0  17452-4 0  9995
2 40119  97.9022  71.9144 0017809  19.9473 340.2433 14.84450600287356
RESURS P2               
1 40360U 14087A   19343.51532381  .00000476  00000-0  17140-4 0  9995
2 40360  97.2546  70.9929 0010351 140.1598 344.0518 15.33318020277054
MMS 1                   
1 40482U 15011A   19340.79166667 -.00000235  00000-0  00000+0 0  9991
2 40482  22.0168 120.2587 8841013  16.5454 333.5388  0.28558957 10669
MMS 2                   
1 40483U 15011B   19337.62217593 -.00000258  00000-0  00000+0 0  9990
2 40483  21.9920 120.3069 8856780  16.4631   7.5824  0.28548838 10630
MMS 3                   
1 40484U 15011C   19340.78125000 -.00000235  00000-0  00000+0 0  9998
2 40484  22.0110 120.2462 8840488  16.5586 332.4635  0.28554536 10630
MMS 4                   
1 40485U 15011D   19324.02486111  .00000180  00000-0  00000+0 0  9999
2 40485  21.0899 119.9903 8868237  16.3403  50.7767  0.28559042 10595
ASTROSAT                
1 40930U 15052A   19343.11227454  .00000708  00000-0  10430-4 0  9992
2 40930   5.9965 266.1226 0008026  81.8324 278.2713 14.76286108226899
DAMPE                   
1 41173U 15078A   19343.41714806  .00000053  00000-0  50971-5 0  9993
2 41173  97.3142 336.9824 0013041 198.6156 265.7036 15.23832522221304
PISAT                   
1 41784U 16059B   19343.40292708  .00000061  00000-0  20918-4 0  9998
2 41784  98.0479  39.7978 0031729 193.0174 167.0212 14.63472530170960
HXMT (HUIYAN)           
1 42758U 17034A   19343.47780356  .00000134  00000-0  22133-4 0  9994
2 42758  43.0204   3.5743 0012137 269.8602 238.0494 15.08713747137026
FLYING LAPTOP           
1 42831U 17042G   19343.47824109  .00000042  00000-0  95831-5 0  9994
2 42831  97.5438 229.0065 0013507 195.8664 164.2134 14.91064999130833
PICSAT                  
1 43132U 18004X   19343.46682412  .00001043  00000-0  46070-4 0  9998
2 43132  97.4710  50.7990 0009837  14.5857 345.5662 15.23950685105966
ZHANGZHENG-1 (CSES)     
1 43194U 18015C   19343.39828664  .00000763  00000-0  37458-4 0  9999
2 43194  97.4139 106.2105 0017318  60.9856  23.4764 15.20975312102627
ICON                    
1 44628U 19068A   19343.27915661  .00000421  00000-0  21236-4 0  9990
2 44628  26.9911 200.5862 0019219  52.9504 307.2816 14.91607574  8845
